T0     = 5.5600000000e+00
         5.5697583107e+00
         5.6153983107e+00
         5.6329416350e+00
         5.6714548778e+00
         5.7240848506e+00
         5.7767148235e+00
         5.8309902496e+00
         5.9029385308e+00
         5.9748868120e+00
         6.0468350933e+00
         6.1160160073e+00
         6.1796621870e+00
         6.2377736323e+00
         6.2903503433e+00
         6.3373931363e+00
         6.3543625677e+00
         6.3597926267e+00
         6.3643872541e+00
         6.3683553077e+00
         6.3719056456e+00
         6.3750382676e+00
         6.3775444392e+00
         6.3796330182e+00
         6.3815127393e+00
         6.3831000594e+00
         6.3845202931e+00
         6.3857734405e+00
         6.3868595016e+00
         6.3877784763e+00
         6.3886139079e+00
         6.3894493395e+00
         6.3900000000e+00
         6.3900000000e+00
         6.3900000000e+00
         6.3900000000e+00
         6.3900000000e+00
         6.3900000000e+00
         6.3900000000e+00
         6.3900000000e+00
         6.3900000000e+00
         6.3900000000e+00
         6.3900000000e+00
         6.3900000000e+00
         6.3900000000e+00
         6.3900000000e+00
         6.3900000000e+00
         6.3900000000e+00
         6.3900000000e+00
         6.3900000000e+00
         6.3900000000e+00
         6.3900000000e+00
         6.3900000000e+00
         6.3900000000e+00
         6.3900000000e+00
         6.3900000000e+00
         6.3900000000e+00
         6.3900000000e+00
         6.3900000000e+00
         6.3900000000e+00
         6.3900000000e+00
         6.3912807188e+00
         6.3933692978e+00
         6.3954578768e+00
         6.3975464558e+00
         6.3996350348e+00
         6.3982763862e+00
         6.3961878072e+00
         6.3940992282e+00
         6.3921150782e+00
         6.3903397860e+00
         6.3912266482e+00
         6.3925842246e+00
         6.3937329430e+00
         6.3947772325e+00
         6.3958215220e+00
         6.3968658115e+00
         6.3979101010e+00
         6.3989543905e+00
         6.3999463115e+00
         6.4008338036e+00
         6.4016168667e+00
         6.4022955008e+00
         6.4028697060e+00
         6.4033915427e+00
         6.4039133794e+00
         6.4044352161e+00
         6.4049570528e+00
         6.4054788895e+00
         6.4060007262e+00
         6.4065225629e+00
         6.4070443996e+00
         6.4075662363e+00
         6.4080880730e+00
         6.4086099097e+00
         6.4091317464e+00
         6.4096535831e+00
         6.4101754198e+00
         6.4106972565e+00
         6.4114803196e+00
