T0     = 5.7002597184e+00
         5.7165055405e+00
         5.7371977476e+00
         5.7605888466e+00
         5.8049498642e+00
         5.8634276118e+00
         5.9219053594e+00
         5.9853448768e+00
         6.0858009676e+00
         6.1862570583e+00
         6.2867131491e+00
         6.3727716304e+00
         6.4400204240e+00
         6.5014211964e+00
         6.5569739477e+00
         6.6066795403e+00
         6.6407221968e+00
         6.6665149768e+00
         6.6883394568e+00
         6.7071877117e+00
         6.7240518165e+00
         6.7389317713e+00
         6.7508360863e+00
         6.7607568365e+00
         6.7696855118e+00
         6.7772252820e+00
         6.7839713921e+00
         6.7899238423e+00
         6.7950826324e+00
         6.7994477625e+00
         6.8034160626e+00
         6.8073843627e+00
         6.8109492371e+00
         6.8137340091e+00
         6.8165187811e+00
         6.8193035531e+00
         6.8220883251e+00
         6.8248730971e+00
         6.8276578691e+00
         6.8304426411e+00
         6.8332274131e+00
         6.8360121851e+00
         6.8387969571e+00
         6.8415817291e+00
         6.8443665011e+00
         6.8471512731e+00
         6.8499360451e+00
         6.8561218384e+00
         6.8623875754e+00
         6.8686533124e+00
         6.8749190494e+00
         6.8803949288e+00
         6.8824835078e+00
         6.8845720868e+00
         6.8866606658e+00
         6.8887492448e+00
         6.8916756476e+00
         6.8958528056e+00
         6.9000299636e+00
         6.9042071216e+00
         6.9083842796e+00
         6.9100000000e+00
         6.9100000000e+00
         6.9100000000e+00
         6.9100000000e+00
         6.9100000000e+00
         6.9100000000e+00
         6.9100000000e+00
         6.9100000000e+00
         6.9100000000e+00
         6.9100000000e+00
         6.9100000000e+00
         6.9100000000e+00
         6.9100000000e+00
         6.9100000000e+00
         6.9116430441e+00
         6.9137316231e+00
         6.9158202021e+00
         6.9179087811e+00
         6.9198926231e+00
         6.9266704288e+00
         6.9329349336e+00
         6.9383640068e+00
         6.9429576484e+00
         6.9471323420e+00
         6.9513070356e+00
         6.9554817292e+00
         6.9596564228e+00
         6.9887333730e+00
         7.0200435750e+00
         7.0513537770e+00
         7.0826639790e+00
         7.1139741810e+00
         7.1452843830e+00
         7.1765945850e+00
         7.2079047870e+00
         7.2392149890e+00
         7.2705251910e+00
         7.3018353930e+00
         7.3488191790e+00
