T0     = 5.2000000000e+00
         5.2000000000e+00
         5.2000000000e+00
         5.2000000000e+00
         5.2000000000e+00
         5.2000000000e+00
         5.2000000000e+00
         5.2000000000e+00
         5.2000000000e+00
         5.2000000000e+00
         5.2000000000e+00
         5.2000000000e+00
         5.2000000000e+00
         5.2000000000e+00
         5.2000000000e+00
         5.2000000000e+00
         5.2000000000e+00
         5.2000000000e+00
         5.2000000000e+00
         5.2000000000e+00
         5.1944400400e+00
         5.1654771600e+00
         5.1371384800e+00
         5.1095488400e+00
         5.1000000000e+00
         5.1000000000e+00
         5.1000000000e+00
         5.1000000000e+00
         5.1000000000e+00
         5.1000000000e+00
         5.1000000000e+00
         5.1000000000e+00
         5.1000000000e+00
         5.1000000000e+00
         5.1000000000e+00
         5.1000000000e+00
         5.1000000000e+00
         5.1000000000e+00
         5.1000000000e+00
         5.1000000000e+00
         5.1000000000e+00
         5.1000000000e+00
         5.1000000000e+00
         5.1000000000e+00
         5.1000000000e+00
         5.1000000000e+00
         5.1000000000e+00
         5.1000000000e+00
         5.1000000000e+00
         5.1000000000e+00
