T0     = 5.4020241400e+00
         5.4279908600e+00
         5.4643193000e+00
         5.5058910200e+00
         5.5474627400e+00
         5.5886599400e+00
         5.7149343200e+00
         5.8707346400e+00
         5.9764612000e+00
         5.8266532000e+00
         5.6798413600e+00
         5.6000000000e+00
         5.6000000000e+00
         5.6000000000e+00
         5.6000000000e+00
         5.6000000000e+00
         5.6000000000e+00
         5.6000000000e+00
         5.6000000000e+00
         5.6000000000e+00
         5.6000000000e+00
         5.6000000000e+00
         5.6000000000e+00
         5.6000000000e+00
         5.6000000000e+00
         5.6000000000e+00
         5.6000000000e+00
         5.6000000000e+00
         5.6000000000e+00
         5.6000000000e+00
         5.6000000000e+00
         5.6000000000e+00
         5.6000000000e+00
         5.6000000000e+00
         5.6000000000e+00
         5.6000000000e+00
         5.6000000000e+00
         5.6000000000e+00
         5.6000000000e+00
         5.6000000000e+00
         5.6000000000e+00
         5.6000000000e+00
         5.6000000000e+00
         5.6000000000e+00
         5.6000000000e+00
         5.6000000000e+00
         5.6000000000e+00
         5.6000000000e+00
         5.6000000000e+00
         5.6000000000e+00
