T0     = 5.3000000000e+00
         5.3000000000e+00
         5.3000000000e+00
         5.3000000000e+00
         5.3000000000e+00
         5.3000000000e+00
         5.3000000000e+00
         5.3000000000e+00
         5.3000000000e+00
         5.3000000000e+00
         5.3000000000e+00
         5.3000000000e+00
         5.3000000000e+00
         5.3000000000e+00
         5.3000000000e+00
         5.3000000000e+00
         5.3000000000e+00
         5.3000000000e+00
         5.3000000000e+00
         5.3000000000e+00
         5.3000000000e+00
         5.3000000000e+00
         5.3000000000e+00
         5.3000000000e+00
         5.3000000000e+00
         5.3000000000e+00
         5.3000000000e+00
         5.3000000000e+00
         5.3000000000e+00
         5.3000000000e+00
         5.3000000000e+00
         5.3000000000e+00
         5.3000000000e+00
         5.3000000000e+00
         5.3000000000e+00
         5.3000000000e+00
         5.3000000000e+00
         5.3000000000e+00
         5.3000000000e+00
         5.3000000000e+00
         5.3000000000e+00
         5.3000000000e+00
         5.3000000000e+00
         5.3000000000e+00
         5.3000000000e+00
         5.3000000000e+00
         5.3000000000e+00
         5.3000000000e+00
         5.3000000000e+00
         5.3000000000e+00
