T0     = 8.6938804348e+00
         8.7010803279e+00
         8.7072415300e+00
         8.7130038251e+00
         8.7237363637e+00
         8.7287896175e+00
         8.7310628414e+00
         8.7334999999e+00
         8.7414000000e+00
         8.7424109423e+00
         8.7465881148e+00
         8.7491060110e+00
         8.7497000000e+00
         8.7517472678e+00
         8.7551711679e+00
         8.7581000000e+00
         8.7613992701e+00
         8.7655722627e+00
         8.7687095890e+00
         8.7724516274e+00
         8.7795317501e+00
         8.7878821165e+00
         8.7981999999e+00
         8.8044016711e+00
         8.8114293106e+00
         8.8225858064e+00
         8.8291947912e+00
         8.8427934063e+00
         8.8569749823e+00
         8.8713445243e+00
         8.8827413006e+00
         8.9077847252e+00
         8.9190646614e+00
         8.9417376146e+00
         8.9607005668e+00
         8.9823052281e+00
         8.9993745991e+00
         9.0250307565e+00
         9.0468777961e+00
         9.0782189528e+00
         9.1138529603e+00
         9.1525192093e+00
         9.2051512556e+00
         9.2521066020e+00
         9.2933788426e+00
         9.3273643671e+00
         9.3836874465e+00
         9.4371173931e+00
         9.4641109840e+00
         9.5157117728e+00
         9.5715966215e+00
         9.5965231288e+00
         9.6653069439e+00
         9.7541960908e+00
         9.7947252787e+00
         9.8314186265e+00
         9.8828215262e+00
         9.9263529485e+00
         9.9796126239e+00
         1.0059985134e+01
         1.0128661804e+01
         1.0209102136e+01
         1.0332953420e+01
         1.0423268415e+01
         1.0574289769e+01
         1.0650933765e+01
         1.0887746549e+01
         1.1078567373e+01
         1.1163078716e+01
         1.1341936409e+01
         1.1993595059e+01
         1.2610585044e+01
         1.3821793164e+01
         1.4039808283e+01
         1.4162291198e+01
         1.4866549816e+01
         1.6030714237e+01
         1.6529081172e+01
         1.7807905523e+01
         1.8439109108e+01
         1.8957843243e+01
         1.9298682295e+01
         1.9509091709e+01
         1.9694650804e+01
         1.9976241990e+01
         2.0601903843e+01
         2.0801167675e+01
         2.0857229360e+01
         2.0860585008e+01
         2.0861776712e+01
         2.0884099989e+01
         2.0885397814e+01
         2.0887399999e+01
         2.0887541499e+01
         2.0889651723e+01
         2.0890511506e+01
         2.0891499999e+01
         2.0891236264e+01
         2.0891236264e+01
         2.0891236264e+01
