T0     = 8.8212018182e+00
         8.8142762990e+00
         8.8161000000e+00
         8.8240000000e+00
         8.8309765028e+00
         8.8371613139e+00
         8.8429249452e+00
         8.8446623633e+00
         8.8575581967e+00
         8.8658358653e+00
         8.8771672132e+00
         8.8864615017e+00
         8.8944150274e+00
         8.9158100366e+00
         8.9202303441e+00
         8.9269989071e+00
         8.9365496350e+00
         8.9526687956e+00
         9.0456945253e+00
         9.0742899263e+00
         9.0990660404e+00
         9.1043000001e+00
         9.1163519173e+00
         9.1205171529e+00
         9.1321470394e+00
         9.1311032837e+00
         9.1345427787e+00
         9.1394648905e+00
         9.1405383563e+00
         9.1484083258e+00
         9.1555326262e+00
         9.1623478505e+00
         9.1661007900e+00
         9.1666868278e+00
         9.1653388404e+00
         9.1648871092e+00
         9.1658991789e+00
         9.1655678082e+00
         9.1641758596e+00
         9.1657110934e+00
         9.1655305553e+00
         9.1657250005e+00
         9.1650273974e+00
         9.1657773969e+00
         9.1654505482e+00
         9.1660525218e+00
         9.1669006848e+00
         9.1672520548e+00
         9.1673234181e+00
         9.1668076640e+00
         9.1679500002e+00
         9.1675667762e+00
         9.1663204380e+00
         9.1668678081e+00
         9.1674319078e+00
         9.1681819079e+00
         9.1678719179e+00
         9.1664048126e+00
         9.1677580398e+00
         9.1677852056e+00
         9.1687491777e+00
         9.1684000000e+00
         9.1682000000e+00
         9.1672000001e+00
         9.1669232877e+00
         9.1685335525e+00
         9.1682000000e+00
         9.1672000001e+00
         9.1679499999e+00
         9.1672570177e+00
         9.1672000000e+00
         9.1679725919e+00
         9.1670328898e+00
         9.1660000002e+00
         9.1649000003e+00
         9.1669999995e+00
         9.1667203297e+00
         9.1676865751e+00
         9.1667641685e+00
         9.1660000003e+00
         9.1667302629e+00
         9.1669999999e+00
         9.1672499999e+00
         9.1686166661e+00
         9.1677598688e+00
         9.1688290105e+00
         9.1667095900e+00
         9.1668901369e+00
         9.1660000004e+00
         9.1671918675e+00
         9.1678999996e+00
         9.1679000000e+00
         9.1677160441e+00
         9.1670098688e+00
         9.1670000000e+00
         9.1631648374e+00
         9.1620356171e+00
         9.1629999994e+00
         9.1630000000e+00
         9.1630000000e+00
