T0     = 8.7399367075e+00
         8.7318318182e+00
         8.7355744699e+00
         8.7800000000e+00
         8.7837228433e+00
         8.7880324817e+00
         8.7894999999e+00
         8.7898567274e+00
         8.8005000000e+00
         8.8067138687e+00
         8.8107094519e+00
         8.8113000000e+00
         8.8128000000e+00
         8.8187500000e+00
         8.8217351443e+00
         8.8272183060e+00
         8.8264534246e+00
         8.8313619021e+00
         8.8381777372e+00
         8.8392266517e+00
         8.8411124087e+00
         8.8482788251e+00
         8.8517458902e+00
         8.8581945355e+00
         8.8649815067e+00
         8.8714793859e+00
         8.8751221918e+00
         8.8727903721e+00
         8.8736086311e+00
         8.8721901640e+00
         8.8728671232e+00
         8.8721000000e+00
         8.8716558130e+00
         8.8714760275e+00
         8.8718082018e+00
         8.8711952054e+00
         8.8706554794e+00
         8.8713500002e+00
         8.8721917805e+00
         8.8726000000e+00
         8.8730552079e+00
         8.8763011299e+00
         8.8792459582e+00
         8.8821709587e+00
         8.8821539444e+00
         8.8824526316e+00
         8.8820036662e+00
         8.8834892828e+00
         8.8874186131e+00
         8.8895682838e+00
         8.8903000000e+00
         8.8911338814e+00
         8.8918994276e+00
         8.8920946330e+00
         8.8925828948e+00
         8.8917058753e+00
         8.8924710367e+00
         8.8926311644e+00
         8.8933271929e+00
         8.8932392404e+00
         8.8926861032e+00
         8.8926431756e+00
         8.8920945156e+00
         8.8918000000e+00
         8.8937342104e+00
         8.8938118421e+00
         8.8947999999e+00
         8.8967999997e+00
         8.8978175437e+00
         8.8982124999e+00
         8.8975467034e+00
         8.8954739730e+00
         8.8967999997e+00
         8.8968000000e+00
         8.8964815790e+00
         8.8966866228e+00
         8.8968000000e+00
         8.8976190787e+00
         8.8974453948e+00
         8.8975619178e+00
         8.8984302629e+00
         8.8993644733e+00
         8.8996999999e+00
         8.9012643829e+00
         8.9014543859e+00
         8.9020618418e+00
         8.9013622810e+00
         8.9007328770e+00
         8.9026030211e+00
         8.9027000000e+00
         8.9027059341e+00
         8.9030010967e+00
         8.9035999997e+00
         8.9028697373e+00
         8.9040169272e+00
         8.9089093122e+00
         8.9359462555e+00
         8.9359462719e+00
         8.9359462719e+00
         8.9359462719e+00
