T0     = 7.1300000000e+00
         7.1443715118e+00
         7.2500000000e+00
         7.4267370706e+00
         7.5300000000e+00
         7.6277076419e+00
         7.7000000000e+00
         7.7428583259e+00
         7.8388180680e+00
         7.9500000000e+00
         8.0393930574e+00
         8.1261040686e+00
         8.2888309270e+00
         8.5960681307e+00
         9.2926906034e+00
         9.8808442383e+00
         9.8900000000e+00
         9.8980183542e+00
         9.9000000000e+00
         9.9000000000e+00
         9.9000000000e+00
         9.9000000000e+00
         9.8911171528e+00
         9.9000000000e+00
         9.8900000000e+00
         9.8900000000e+00
         9.8900000000e+00
         9.8993011137e+00
         9.9000000000e+00
         9.9000000000e+00
         9.8970407579e+00
         9.9000000000e+00
         9.9000000000e+00
         9.8900000000e+00
         9.8900000000e+00
         9.8900000000e+00
         9.8900000000e+00
         9.8900000000e+00
         9.8900000000e+00
         9.8900000000e+00
         9.8900000000e+00
         9.8900000000e+00
         9.8903322314e+00
         9.8966301840e+00
         9.8974579332e+00
         9.8918820004e+00
         9.8867190996e+00
         9.8819386359e+00
         9.8800000000e+00
         9.8800000000e+00
         9.8800000000e+00
         9.8800000000e+00
         9.8800000000e+00
         9.8800000000e+00
         9.8800000000e+00
         9.8800000000e+00
         9.8800000000e+00
         9.8800000000e+00
         9.8800000000e+00
         9.8800000000e+00
