T0     = 6.8100000000e+00
         6.8100000000e+00
         6.8400000000e+00
         6.8835590402e+00
         6.9142875804e+00
         6.9900000000e+00
         7.0100000000e+00
         7.0500000000e+00
         7.0934460812e+00
         7.1466057814e+00
         7.1830496897e+00
         7.2615445007e+00
         7.3627803024e+00
         7.4484153478e+00
         7.5388602444e+00
         7.7071096147e+00
         7.8687780699e+00
         8.1689523522e+00
         8.5187561750e+00
         9.2840869634e+00
         1.0143864127e+01
         1.0534500376e+01
         1.0990000000e+01
         1.1498450159e+01
         1.2311549513e+01
         1.3934464484e+01
         1.4657747461e+01
         1.5631034536e+01
         1.6112221626e+01
         1.6426813477e+01
         1.6632008174e+01
         1.6962937082e+01
         1.7493075480e+01
         1.8083333122e+01
         1.8630380114e+01
         1.8962772898e+01
         1.9240350230e+01
         1.9318582786e+01
         1.9478001298e+01
         1.9665607144e+01
         1.9858153575e+01
         1.9948694702e+01
         1.9991960201e+01
         2.0049615595e+01
         2.0098626275e+01
         2.0143564922e+01
         2.0193284920e+01
         2.0229272344e+01
         2.0313645906e+01
         2.0430111431e+01
         2.0577807855e+01
         2.0621639978e+01
         2.0866493974e+01
         2.1497261766e+01
         2.1883894227e+01
         2.2246662754e+01
         2.2366829040e+01
         2.2336895262e+01
         2.2290989465e+01
         2.2248484097e+01
