T0     = 3.6439875000e+00
         3.6417600000e+00
         3.6395637500e+00
         3.6380450000e+00
         3.6363237500e+00
         3.6344000000e+00
         3.6322737500e+00
         3.6298350000e+00
         3.6222412500e+00
         3.6140400000e+00
         3.6052312500e+00
         3.5944200000e+00
         3.5810550000e+00
         3.5668800000e+00
         3.5620262500e+00
         3.5659750000e+00
         3.5713887500e+00
         3.6192800000e+00
         3.6705125000e+00
         3.7058075000e+00
         3.7408700000e+00
         3.8198450000e+00
         3.9407025000e+00
         4.0928062500e+00
         4.2839900000e+00
         4.6405590625e+00
         4.8943393750e+00
         4.9903520625e+00
         5.0868465625e+00
         5.2007528125e+00
         5.3272601875e+00
         5.4536913750e+00
         5.6327013750e+00
         5.7910873750e+00
         5.9033635000e+00
         6.0093216250e+00
         6.1069421875e+00
         6.1980671875e+00
         6.2838765625e+00
         6.3197481250e+00
         6.3498953125e+00
         6.3766000000e+00
         6.3988750000e+00
         6.4171000000e+00
         6.4322875000e+00
         6.4444375000e+00
         6.4545625000e+00
         6.4646875000e+00
         6.4748125000e+00
         6.4849375000e+00
