T0     = 4.0000000000e+00
         4.0000000000e+00
         4.0000000000e+00
         4.0000000000e+00
         4.0000000000e+00
         4.0000000000e+00
         4.0000000000e+00
         4.0000000000e+00
         4.0000000000e+00
         4.0000000000e+00
         4.0000000000e+00
         4.0000000000e+00
         4.0000000000e+00
         4.0000000000e+00
         4.0000000000e+00
         4.0000000000e+00
         4.0000000000e+00
         4.0000000000e+00
         4.0000000000e+00
         4.0000000000e+00
         4.0000000000e+00
         4.0000000000e+00
         4.0000000000e+00
         4.0000000000e+00
         4.0000000000e+00
         4.0000000000e+00
         4.0000000000e+00
         4.0000000000e+00
         4.0000000000e+00
         4.0000000000e+00
         4.0000000000e+00
         4.0000000000e+00
         4.0000000000e+00
         4.0000000000e+00
         4.0000000000e+00
         4.0000000000e+00
         4.0000000000e+00
         4.0000000000e+00
         4.0000000000e+00
         4.0000000000e+00
         4.0000000000e+00
         4.0000000000e+00
         4.0000000000e+00
         4.0000000000e+00
         4.0000000000e+00
         4.0000000000e+00
         4.0000000000e+00
         4.0000000000e+00
         4.0000000000e+00
         4.0000000000e+00
