T0     = 3.7855744048e+00
         3.7821238095e+00
         3.7780458333e+00
         3.7733404762e+00
         3.7680077381e+00
         3.7620476190e+00
         3.7554601190e+00
         3.7482452381e+00
         3.7404029762e+00
         3.7319333333e+00
         3.7228363095e+00
         3.7131119048e+00
         3.7080872619e+00
         3.7141580952e+00
         3.7205758333e+00
         3.7273404762e+00
         3.7344520238e+00
         3.7419104762e+00
         3.7498892857e+00
         3.7525255357e+00
         3.7545239286e+00
         3.7568027976e+00
         3.7594322619e+00
         3.7511125000e+00
         3.7391000000e+00
         3.7262382292e+00
         3.7133764583e+00
         3.7013639583e+00
         3.6903847917e+00
         3.6806972917e+00
         3.6723014583e+00
         3.6649389583e+00
         3.6649389583e+00
         3.6649389583e+00
         3.6649389583e+00
         3.6649389583e+00
         3.6649389583e+00
         3.6649389583e+00
         3.6649389583e+00
         3.6649389583e+00
         3.6649389583e+00
         3.6649389583e+00
         3.6649389583e+00
         3.6649389583e+00
         3.6649389583e+00
         3.6649389583e+00
         3.6649389583e+00
         3.6649389583e+00
         3.6649389583e+00
         3.6649389583e+00
