T0     = 4.2601937500e+00
         4.2606200000e+00
         4.2611237500e+00
         4.2617050000e+00
         4.2623637500e+00
         4.2631000000e+00
         4.2639137500e+00
         4.2648050000e+00
         4.2657737500e+00
         4.2668200000e+00
         4.2679437500e+00
         4.2691450000e+00
         4.2818650000e+00
         4.3198400000e+00
         4.3599850000e+00
         4.4023000000e+00
         4.4467850000e+00
         4.4934400000e+00
         4.5433500000e+00
         4.5134862500e+00
         4.4671025000e+00
         4.4142087500e+00
         4.3531775000e+00
         4.3517315000e+00
         4.3675880000e+00
         4.3818149688e+00
         4.3162199375e+00
         4.2549561875e+00
         4.2506208875e+00
         4.3709396375e+00
         4.4752158875e+00
         4.5666581375e+00
         4.6099740375e+00
         4.5484157875e+00
         4.4925549500e+00
         4.4398375125e+00
         4.3899360375e+00
         4.3427850375e+00
         4.2983845125e+00
         4.2567344625e+00
         4.2177366563e+00
         4.1831920000e+00
         4.1543775000e+00
         4.1308020000e+00
         4.1111557500e+00
         4.0954387500e+00
         4.0823412500e+00
         4.0692437500e+00
         4.0561462500e+00
         4.0430487500e+00
