T0     = 2.6240720238e+00
         2.6204590476e+00
         2.6161891667e+00
         2.6112623810e+00
         2.6056786905e+00
         2.5994380952e+00
         2.5925405952e+00
         2.5849861905e+00
         2.5767748810e+00
         2.5679066667e+00
         2.5583815476e+00
         2.5481995238e+00
         2.5408918452e+00
         2.5406980952e+00
         2.5404932738e+00
         2.5402773810e+00
         2.5400504167e+00
         2.5398123810e+00
         2.5395577381e+00
         2.5338107738e+00
         2.5265534524e+00
         2.5182775595e+00
         2.5087284524e+00
         2.5168238095e+00
         2.5305523810e+00
         2.5444252753e+00
         2.5343195982e+00
         2.5248812054e+00
         2.5057242113e+00
         2.4635143899e+00
         2.4269325446e+00
         2.3948530804e+00
         2.3819171250e+00
         2.4112305774e+00
         2.4378309762e+00
         2.4629345179e+00
         2.4866971250e+00
         2.5091499821e+00
         2.5302930893e+00
         2.5501264464e+00
         2.5686968304e+00
         2.5851466667e+00
         2.5988678571e+00
         2.6100942857e+00
         2.6194496429e+00
         2.6269339286e+00
         2.6331708333e+00
         2.6394077381e+00
         2.6456446429e+00
         2.6518815476e+00
