0	0
1440	0
2880	0
4320	0
5760	0
7200	0
8640	0
10080	0
11520	0.8
12960	2.9
14400	1.8
15840	0
17280	0.9
18720	0
20160	0.1
21600	0
23040	2.1
24480	0.1
25920	0
27360	0
28800	1.1
30240	0
31680	0
33120	0.2
34560	0.4
36000	0.5
37440	8.2
38880	2.5
40320	0.1
41760	2.6
43200	0
44640	0
46080	0
47520	0
48960	0
50400	0
51840	0
53280	1.8
54720	0
56160	0
57600	4.3
59040	4.5
60480	1.4
61920	0.5
63360	0.3
64800	0
66240	4.8
67680	0
69120	0
70560	0
72000	5.5
73440	0.7
74880	0
76320	0.8
77760	0
79200	0
80640	0
82080	2.7
83520	0
84960	0.8
86400	0
87840	0
89280	0
90720	5.4
92160	0
93600	6.4
95040	10.8
96480	0
97920	0
99360	7.7
100800	4.4
102240	0.2
103680	2.3
105120	3.3
106560	2.7
108000	0
109440	0
110880	8.7
112320	0.4
113760	4
115200	0
116640	0
118080	0
119520	0
120960	3
122400	1.1
123840	1.4
125280	4.1
126720	0
128160	0
129600	3.7
131040	0
132480	0
133920	0
135360	1.7
136800	0
138240	11.3
139680	5.5
141120	3.8
142560	0.7
144000	4
145440	13.9
146880	6.1
148320	0.4
149760	0
151200	0
152640	2.2
154080	1.3
155520	4.5
156960	2.8
158400	1.4
159840	1.2
161280	0
162720	0.1
164160	0
165600	0.4
167040	2.2
168480	4.5
169920	0
171360	0
172800	0
174240	0
175680	0
177120	0
178560	16.7
180000	1.3
181440	0
182880	0
184320	0
185760	14.3
187200	0.1
188640	0.2
190080	0.1
191520	6.3
192960	0
194400	0
195840	0
197280	0
198720	0
200160	0
201600	0
203040	0
204480	2.3
205920	4.4
207360	0
208800	0
210240	0
211680	0.1
213120	8.4
214560	0
216000	3.5
217440	2.3
218880	1
220320	0.7
221760	0
223200	0
224640	0
226080	22.8
227520	0
228960	0.7
230400	0
231840	0
233280	0
234720	0
236160	0
237600	0
239040	0
240480	0
241920	0
243360	5.5
244800	0.3
246240	0
247680	0.3
249120	0
250560	0
252000	0
253440	5
254880	0
256320	0
257760	5.3
259200	0
260640	0
262080	0.2
263520	0
264960	12.6
266400	1
267840	0
269280	0
270720	0
272160	0
273600	0
275040	0.1
276480	5.2
277920	0
279360	5.3
280800	4.7
282240	2.1
283680	0.3
285120	0
286560	0
288000	4.4
289440	0.2
290880	2
292320	0
293760	0
295200	0
296640	0
298080	0
299520	0
300960	0
302400	0
303840	0
305280	0
306720	0
308160	3.1
309600	7.4
311040	0
312480	0.1
313920	0.3
315360	0.7
316800	1.4
318240	12.9
319680	8.2
321120	10.4
322560	6.4
324000	0
325440	0.2
326880	0
328320	0
329760	4
331200	9.8
332640	0
334080	0
335520	0
336960	0
338400	0
339840	0
341280	0
342720	0
344160	0
345600	0
347040	0
348480	0
349920	0
351360	0
352800	1
354240	0.2
355680	20.8
357120	14
358560	0.8
360000	0
361440	1.9
362880	1.6
364320	10.1
365760	1.1
367200	0.4
368640	0
370080	0
371520	6.5
372960	1.2
374400	1.3
375840	0
377280	0.3
378720	5.8
380160	3.9
381600	2.4
383040	2.2
384480	0.1
385920	0
387360	3.1
388800	5.8
390240	16
391680	4.3
393120	0
394560	1.5
396000	0.1
397440	10.8
398880	1.1
400320	0
401760	0.1
403200	0
404640	0.4
406080	0
407520	1.2
408960	9.7
410400	6
411840	1.2
413280	0
414720	2.9
416160	0.6
417600	0.2
419040	0.2
420480	0.1
421920	0
423360	0
424800	0
426240	8.5
427680	8
429120	0
430560	0.5
432000	0.3
433440	1.9
434880	0.3
436320	0
437760	0.2
439200	0
440640	0.1
442080	0.6
443520	0
444960	5.8
446400	3.8
447840	0
449280	16.3
450720	0.1
452160	6.7
453600	8
455040	1.4
456480	1.9
457920	0.7
459360	0.6
460800	0.6
462240	0
463680	0
465120	0.1
466560	0.1
468000	0
469440	1.2
470880	0.2
472320	0.2
473760	0
475200	2.9
476640	0.1
478080	0
479520	0.8
480960	3.6
482400	4.6
483840	0.3
485280	0.2
486720	0
488160	0
489600	0
491040	0
492480	0
493920	0
495360	0
496800	0
498240	0
499680	1.6
501120	0.5
502560	0.4
504000	0.2
505440	5.1
506880	1.1
508320	0.3
509760	2
511200	0
512640	0.1
514080	4.7
515520	6
516960	1.4
518400	0
519840	0
521280	0
522720	0.9
524160	3.2
525600	0.6
527040	0
528480	4.4
529920	0
531360	0
532800	0
534240	0
