T0     = 4.9100000000e+00
         4.9100000000e+00
         4.9199999999e+00
         4.9450000000e+00
         4.9750000001e+00
         5.0150000004e+00
         5.0650000006e+00
         5.1475000018e+00
         5.2625000022e+00
         5.4675000068e+00
         5.6887500066e+00
         5.8362500052e+00
         5.9920000053e+00
         6.0945000046e+00
         6.2175000036e+00
         6.3210000001e+00
         6.3230000000e+00
         6.3245000000e+00
         6.3255000000e+00
         6.3265000000e+00
         6.3275000000e+00
         6.3285000000e+00
         6.3295000000e+00
         6.3300000000e+00
         6.3300000000e+00
         6.3300000000e+00
         6.3300000000e+00
         6.3300000000e+00
         6.3300000000e+00
         6.3300000000e+00
         6.3300000000e+00
         6.3300000000e+00
         6.3300000000e+00
         6.3300000000e+00
         6.3300000000e+00
         6.3300000000e+00
         6.3300000000e+00
         6.3279999998e+00
         6.3239999999e+00
         6.3199999999e+00
         6.3160000000e+00
         6.3120000000e+00
         6.3090000000e+00
         6.3070000000e+00
         6.3050000001e+00
         6.3030000001e+00
         6.3010000001e+00
         6.2990000001e+00
         6.2970000001e+00
         6.2950000002e+00
         6.2930000002e+00
         6.2910000002e+00
         6.2914999997e+00
         6.2944999996e+00
         6.2974999996e+00
         6.3004999996e+00
         6.3034999995e+00
         6.3064999995e+00
         6.3094999995e+00
         6.3124999995e+00
         6.3169999994e+00
         6.3200000000e+00
         6.3200000000e+00
         6.3200000000e+00
         6.3180000002e+00
         6.3140000002e+00
         6.3110000002e+00
         6.3050000010e+00
         6.2900000010e+00
         6.2790000005e+00
         6.2765000005e+00
         6.2735000006e+00
         6.2715000006e+00
         6.2704500006e+00
         6.2649500005e+00
