T0     = 4.8900000000e+00
         4.8900000000e+00
         4.8850000000e+00
         4.8850000000e+00
         4.8950000000e+00
         4.9325000005e+00
         4.9975000008e+00
         5.1325000032e+00
         5.3375000040e+00
         5.5675000059e+00
         5.7587500057e+00
         5.8862500045e+00
         5.9540000003e+00
         5.9590000002e+00
         5.9650000002e+00
         5.9710000001e+00
         5.9730000000e+00
         5.9745000000e+00
         5.9755000000e+00
         5.9765000000e+00
         5.9775000000e+00
         5.9785000000e+00
         5.9795000000e+00
         5.9789999999e+00
         5.9769999999e+00
         5.9757499999e+00
         5.9752499999e+00
         5.9747499999e+00
         5.9742499999e+00
         5.9737499999e+00
         5.9732499999e+00
         5.9727499999e+00
         5.9722499999e+00
         5.9717499999e+00
         5.9712499999e+00
         5.9707499999e+00
         5.9702500000e+00
         5.9700000000e+00
         5.9700000000e+00
         5.9700000000e+00
         5.9700000000e+00
         5.9700000000e+00
         5.9700000000e+00
         5.9700000000e+00
         5.9700000000e+00
         5.9700000000e+00
         5.9700000000e+00
         5.9700000000e+00
         5.9700000000e+00
         5.9700000000e+00
         5.9700000000e+00
         5.9700000000e+00
         5.9700000000e+00
         5.9700000000e+00
         5.9700000000e+00
         5.9700000000e+00
         5.9700000000e+00
         5.9700000000e+00
         5.9700000000e+00
         5.9700000000e+00
         5.9700000000e+00
         5.9690000002e+00
         5.9660000002e+00
         5.9620000002e+00
         5.9600000000e+00
         5.9600000000e+00
         5.9600000000e+00
         5.9583333337e+00
         5.9533333337e+00
         5.9490000005e+00
         5.9465000005e+00
         5.9435000006e+00
         5.9415000006e+00
         5.9404500006e+00
         5.9349500005e+00
