T0     = 4.6600000000e+00
         4.6600000000e+00
         4.6500000001e+00
         4.6300000000e+00
         4.6099999999e+00
         4.6150000002e+00
         4.6450000004e+00
         4.6975000012e+00
         4.7725000015e+00
         4.9400000060e+00
         5.1350000058e+00
         5.2650000045e+00
         5.5120000118e+00
         5.7395000102e+00
         6.0125000080e+00
         6.2480000004e+00
         6.2640000003e+00
         6.2760000002e+00
         6.2840000002e+00
         6.2920000003e+00
         6.3000000003e+00
         6.3080000003e+00
         6.3160000003e+00
         6.3189999999e+00
         6.3169999999e+00
         6.3157499999e+00
         6.3152499999e+00
         6.3147499999e+00
         6.3142499999e+00
         6.3137499999e+00
         6.3132499999e+00
         6.3127499999e+00
         6.3122499999e+00
         6.3117499999e+00
         6.3112499999e+00
         6.3107499999e+00
         6.3102500000e+00
         6.3110000001e+00
         6.3130000001e+00
         6.3150000000e+00
         6.3170000000e+00
         6.3190000000e+00
         6.3200000000e+00
         6.3200000000e+00
         6.3200000000e+00
         6.3200000000e+00
         6.3200000000e+00
         6.3200000000e+00
         6.3200000000e+00
         6.3200000000e+00
         6.3200000000e+00
         6.3200000000e+00
         6.3190000002e+00
         6.3170000002e+00
         6.3150000003e+00
         6.3130000003e+00
         6.3110000003e+00
         6.3090000003e+00
         6.3070000003e+00
         6.3050000004e+00
         6.3020000004e+00
         6.3009999998e+00
         6.3039999998e+00
         6.3079999998e+00
         6.3100000000e+00
         6.3100000000e+00
         6.3100000000e+00
         6.3050000010e+00
         6.2900000010e+00
         6.2819999990e+00
         6.2869999990e+00
         6.2929999989e+00
         6.2969999989e+00
         6.2990999989e+00
         6.3100999989e+00
