T0     = 4.2690033368e+00
         4.2710087122e+00
         4.2729650733e+00
         4.2748282743e+00
         4.2766027516e+00
         4.2782927300e+00
         4.2799022332e+00
         4.2800000000e+00
         4.2800000000e+00
         4.2800000000e+00
         4.2800000000e+00
         4.2800000000e+00
         4.2800000000e+00
         4.2800000000e+00
         4.2796952058e+00
         4.2786577058e+00
         4.2776455109e+00
         4.2766333159e+00
         4.2756211209e+00
         4.2746089260e+00
         4.2735967310e+00
         4.2725845361e+00
         4.2715723411e+00
         4.2705601461e+00
         4.2700000000e+00
         4.2700000000e+00
         4.2700000000e+00
         4.2700000000e+00
         4.2700000000e+00
         4.2700000000e+00
         4.2700000000e+00
         4.2700000000e+00
         4.2700000000e+00
         4.2700000000e+00
         4.2694260016e+00
         4.2684138066e+00
         4.2674016117e+00
         4.2663894167e+00
         4.2653772217e+00
         4.2643650268e+00
         4.2633528318e+00
         4.2623406369e+00
         4.2613284419e+00
         4.2603162469e+00
         4.2600000000e+00
         4.2600000000e+00
         4.2600000000e+00
         4.2600000000e+00
         4.2600000000e+00
         4.2600000000e+00
         4.2600000000e+00
         4.2600000000e+00
         4.2600000000e+00
         4.2600000000e+00
         4.2600000000e+00
         4.2600000000e+00
         4.2600000000e+00
         4.2600000000e+00
         4.2600000000e+00
         4.2600000000e+00
         4.2600000000e+00
         4.2600000000e+00
         4.2600000000e+00
         4.2600000000e+00
         4.2600000000e+00
         4.2600000000e+00
         4.2600000000e+00
         4.2600000000e+00
         4.2600000000e+00
         4.2600000000e+00
         4.2600000000e+00
         4.2600000000e+00
         4.2617720906e+00
         4.2637964806e+00
         4.2658208705e+00
         4.2678452604e+00
         4.2698696503e+00
         4.2700000000e+00
         4.2700000000e+00
         4.2700000000e+00
         4.2700000000e+00
         4.2700000000e+00
         4.2720159898e+00
         4.2739825072e+00
         4.2758457078e+00
         4.2776201847e+00
         4.2793101626e+00
         4.2800000000e+00
         4.2800000000e+00
         4.2800000000e+00
         4.2800000000e+00
         4.2800000000e+00
         4.2800000000e+00
         4.2800000000e+00
         4.2800000000e+00
         4.2800000000e+00
         4.2800000000e+00
         4.2800000000e+00
         4.2800000000e+00
         4.2800000000e+00
         4.2800000000e+00
         4.2800000000e+00
         4.2800000000e+00
         4.2800000000e+00
         4.2800000000e+00
         4.2800000000e+00
         4.2800000000e+00
         4.2800000000e+00
