T0     = 4.1500000000e+00
         4.1500000000e+00
         4.1500000000e+00
         4.1500000000e+00
         4.1500000000e+00
         4.1500000000e+00
         4.1500000000e+00
         4.1342139728e+00
         4.1181554394e+00
         4.1028615984e+00
         4.0882960347e+00
         4.0744240679e+00
         4.0612126703e+00
         4.0486303890e+00
         4.0332945280e+00
         4.0104695280e+00
         3.9882012389e+00
         3.9659329498e+00
         3.9436646607e+00
         3.9213963716e+00
         3.8991280824e+00
         3.8768597933e+00
         3.8545915042e+00
         3.8323232151e+00
         3.8100549260e+00
         3.7877866368e+00
         3.7655183477e+00
         3.7432500586e+00
         3.7209817695e+00
         3.6987134804e+00
         3.6764451912e+00
         3.6541769021e+00
         3.6319086130e+00
         3.6096403239e+00
         3.5988520032e+00
         3.5968276132e+00
         3.5948032233e+00
         3.5927788334e+00
         3.5907544435e+00
         3.5887300536e+00
         3.5867056636e+00
         3.5846812737e+00
         3.5826568838e+00
         3.5806324939e+00
         3.5786182607e+00
         3.5766619000e+00
         3.5747986994e+00
         3.5730242225e+00
         3.5713342446e+00
         3.5697247418e+00
         3.5681918820e+00
         3.5667320158e+00
         3.5653416670e+00
         3.5640175257e+00
         3.5627564386e+00
         3.5615554029e+00
         3.5604115591e+00
         3.5593221841e+00
         3.5582846841e+00
         3.5572724892e+00
         3.5562602942e+00
         3.5552480992e+00
         3.5542359043e+00
         3.5532237093e+00
         3.5522115144e+00
         3.5511993194e+00
         3.5501871244e+00
         3.5491749295e+00
         3.5481627345e+00
         3.5471505396e+00
         3.5461383446e+00
         3.5451261496e+00
         3.5441139547e+00
         3.5431017597e+00
         3.5420895648e+00
         3.5410773698e+00
         3.5400651748e+00
         3.5390529799e+00
         3.5380407849e+00
         3.5370285900e+00
         3.5360163950e+00
         3.5350042000e+00
         3.5339920051e+00
         3.5330087464e+00
         3.5320771461e+00
         3.5311899076e+00
         3.5303449187e+00
         3.5014903714e+00
         3.4539716928e+00
         3.4087158133e+00
         3.3656149757e+00
         3.3245665687e+00
         3.2854728699e+00
         3.2482407880e+00
         3.2109770718e+00
         3.1687637906e+00
         3.1285606656e+00
         3.0893381109e+00
         3.0501155562e+00
         3.0108930015e+00
         2.9716704468e+00
         2.9324478921e+00
         2.8932253374e+00
         2.8540027827e+00
         2.8147802280e+00
         2.7755576733e+00
         2.7363351186e+00
         2.6971125639e+00
