T0     = 4.6690033368e+00
         4.6710087122e+00
         4.6729650733e+00
         4.6748282743e+00
         4.6766027516e+00
         4.6782927300e+00
         4.6799022332e+00
         4.6914807471e+00
         4.7031596804e+00
         4.7142824739e+00
         4.7248756112e+00
         4.7349643143e+00
         4.7445726034e+00
         4.7537233534e+00
         4.7615239709e+00
         4.7667114709e+00
         4.7717724457e+00
         4.7768334205e+00
         4.7818943953e+00
         4.7869553701e+00
         4.7920163449e+00
         4.7970773197e+00
         4.8021382945e+00
         4.8071992693e+00
         4.8122602441e+00
         4.8173212189e+00
         4.8223821937e+00
         4.8274431685e+00
         4.8325041433e+00
         4.8375651181e+00
         4.8426260929e+00
         4.8476870677e+00
         4.8527480425e+00
         4.8578090173e+00
         4.8783679494e+00
         4.9107581882e+00
         4.9431484269e+00
         4.9755386656e+00
         5.0079289043e+00
         5.0403191430e+00
         5.0727093818e+00
         5.1050996205e+00
         5.1374898592e+00
         5.1698800979e+00
         5.3036656700e+00
         5.4787599464e+00
         5.6455164001e+00
         5.8043320845e+00
         5.9555851101e+00
         6.0996356107e+00
         6.2368265601e+00
         6.3674845895e+00
         6.4919208044e+00
         6.6104314534e+00
         6.7232987453e+00
         6.8307914431e+00
         6.9331654588e+00
         6.9801672382e+00
         6.9957297382e+00
         7.0109126626e+00
         7.0260955870e+00
         7.0412785114e+00
         7.0564614358e+00
         7.0716443602e+00
         7.0868272846e+00
         7.1020102090e+00
         7.1171931334e+00
         7.1266005642e+00
         7.1346981238e+00
         7.1427956835e+00
         7.1508932432e+00
         7.1589908029e+00
         7.1670883626e+00
         7.1751859222e+00
         7.1832834819e+00
         7.1913810416e+00
         7.1994786013e+00
         7.2123112616e+00
         7.2254697960e+00
         7.2386283305e+00
         7.2517868650e+00
         7.2649453995e+00
         7.2781039340e+00
         7.2908862967e+00
         7.3029971006e+00
         7.3145312005e+00
         7.3255160572e+00
         7.3295401673e+00
         7.3287737370e+00
         7.3280438034e+00
         7.3273486286e+00
         7.3266865576e+00
         7.3260560140e+00
         7.3254554966e+00
         7.3248544689e+00
         7.3241736095e+00
         7.3235251720e+00
         7.3228925502e+00
         7.3222599283e+00
         7.3216273065e+00
         7.3209946846e+00
         7.3203620628e+00
         7.3197294409e+00
         7.3190968191e+00
         7.3184641972e+00
         7.3178315754e+00
         7.3171989535e+00
         7.3165663317e+00
