T0     = 4.2319933264e+00
         4.2279825755e+00
         4.2240698534e+00
         4.2203434514e+00
         4.2167944967e+00
         4.2134145400e+00
         4.2101955336e+00
         4.2100000000e+00
         4.2100000000e+00
         4.2100000000e+00
         4.2100000000e+00
         4.2100000000e+00
         4.2100000000e+00
         4.2100000000e+00
         4.2100000000e+00
         4.2100000000e+00
         4.2100000000e+00
         4.2100000000e+00
         4.2100000000e+00
         4.2100000000e+00
         4.2100000000e+00
         4.2100000000e+00
         4.2100000000e+00
         4.2100000000e+00
         4.2100000000e+00
         4.2100000000e+00
         4.2100000000e+00
         4.2100000000e+00
         4.2100000000e+00
         4.2100000000e+00
         4.2100000000e+00
         4.2100000000e+00
         4.2100000000e+00
         4.2100000000e+00
         4.2105739984e+00
         4.2115861934e+00
         4.2125983883e+00
         4.2136105833e+00
         4.2146227783e+00
         4.2156349732e+00
         4.2166471682e+00
         4.2176593631e+00
         4.2186715581e+00
         4.2196837531e+00
         4.2248360877e+00
         4.2316833499e+00
         4.2382045520e+00
         4.2444152212e+00
         4.2503301440e+00
         4.2559634038e+00
         4.2613284130e+00
         4.2664379448e+00
         4.2713041655e+00
         4.2759386602e+00
         4.2803524649e+00
         4.2845560900e+00
         4.2885595431e+00
         4.2906778159e+00
         4.2917153159e+00
         4.2927275108e+00
         4.2937397058e+00
         4.2947519008e+00
         4.2957640957e+00
         4.2967762907e+00
         4.2977884856e+00
         4.2988006806e+00
         4.2998128756e+00
         4.3008250705e+00
         4.3018372655e+00
         4.3028494604e+00
         4.3038616554e+00
         4.3048738504e+00
         4.3058860453e+00
         4.3068982403e+00
         4.3079104352e+00
         4.3089226302e+00
         4.3099348252e+00
         4.3100000000e+00
         4.3100000000e+00
         4.3100000000e+00
         4.3100000000e+00
         4.3100000000e+00
         4.3100000000e+00
         4.3100000000e+00
         4.3100000000e+00
         4.3100000000e+00
         4.3100000000e+00
         4.3118393309e+00
         4.3149050521e+00
         4.3178247862e+00
         4.3206054854e+00
         4.3232537698e+00
         4.3257759439e+00
         4.3281780137e+00
         4.3305821244e+00
         4.3333055619e+00
         4.3358993119e+00
         4.3384297993e+00
         4.3409602867e+00
         4.3434907741e+00
         4.3460212615e+00
         4.3485517489e+00
         4.3510822363e+00
         4.3536127237e+00
         4.3561432111e+00
         4.3586736985e+00
         4.3612041859e+00
         4.3637346733e+00
