T0     = 4.6158500000e+00
         4.6158500000e+00
         4.6158500000e+00
         4.6158500000e+00
         4.6158500000e+00
         4.6158500000e+00
         4.6158500000e+00
         4.6154666665e+00
         4.6136534308e+00
         4.6089848024e+00
         4.6094901981e+00
         4.6240921632e+00
         4.6407941214e+00
         4.6507166695e+00
         4.6531034301e+00
         4.6472955850e+00
         4.6440838243e+00
         4.6565470691e+00
         4.6846495254e+00
         4.7140911893e+00
         4.7358372642e+00
         4.7505921633e+00
         4.7614333390e+00
         4.7726588311e+00
         4.7870426572e+00
         4.8082157033e+00
         4.8342789391e+00
         4.8609240388e+00
         4.8927284577e+00
         4.9227911944e+00
         4.9472009998e+00
         4.9764698775e+00
         5.0102247806e+00
         5.0402902184e+00
         5.0652284522e+00
         5.0890274726e+00
         5.1196255357e+00
         5.1507039512e+00
         5.1669843433e+00
         5.1832647624e+00
         5.2144804485e+00
         5.2456961766e+00
         5.3001765685e+00
         5.3546570901e+00
         5.4815580698e+00
         5.6084593671e+00
         5.9135926989e+00
         6.2187260332e+00
         6.5252456395e+00
         6.8317652240e+00
         7.1258652225e+00
         7.4199652621e+00
         7.7375093782e+00
         8.0550542215e+00
         8.7901248061e+00
         9.5251942541e+00
         9.6039766066e+00
         9.6827588442e+00
         9.6947764912e+00
         9.7067941683e+00
         9.7363863250e+00
         9.7659785581e+00
         9.8404393421e+00
         9.9149001260e+00
         9.9893609100e+00
