T0     = 5.2791600000e+00
         5.2791600000e+00
         5.2791600000e+00
         5.2791600000e+00
         5.2791600000e+00
         5.2791600000e+00
         5.2791600000e+00
         5.2848900022e+00
         5.2955250021e+00
         5.3032700014e+00
         5.3062550001e+00
         5.3072500005e+00
         5.3079249999e+00
         5.3107800021e+00
         5.3190900039e+00
         5.3271950022e+00
         5.3326650022e+00
         5.3382450026e+00
         5.3433700021e+00
         5.3501400046e+00
         5.3571650026e+00
         5.3611400017e+00
         5.3694300078e+00
         5.3919100188e+00
         5.4309100291e+00
         5.4810000349e+00
         5.5146300092e+00
         5.5224000013e+00
         5.5341150156e+00
         5.5857950616e+00
         5.6548250437e+00
         5.7164050538e+00
         5.7844250573e+00
         5.8415150385e+00
         5.8927500505e+00
         6.0311301986e+00
         6.1950688824e+00
         6.2855001362e+00
         6.3602901358e+00
         6.4350802586e+00
         6.5778652579e+00
         6.7206500747e+00
         6.7621450745e+00
         6.8036400559e+00
         6.8348500558e+00
         6.8660600745e+00
         6.9078750743e+00
         6.9496900937e+00
         7.0025850934e+00
         7.0554800504e+00
         7.0840700502e+00
         7.1126600274e+00
         7.1283000273e+00
         7.1439400090e+00
         7.1491050090e+00
         7.1542700090e+00
         7.1594650090e+00
         7.1646600159e+00
         7.1738850158e+00
         7.1831100413e+00
         7.2072150412e+00
         7.2313200000e+00
         7.2313200000e+00
         7.2313200000e+00
         7.2313200000e+00
