T0     = 5.3891100000e+00
         5.3891100000e+00
         5.3891100000e+00
         5.3891100000e+00
         5.3891100000e+00
         5.3891100000e+00
         5.3891100000e+00
         5.3891100000e+00
         5.3850099982e+00
         5.3917800053e+00
         5.3995199983e+00
         5.4030900039e+00
         5.4136700025e+00
         5.4179250003e+00
         5.4336250113e+00
         5.4676650148e+00
         5.5076600179e+00
         5.5356600060e+00
         5.5494400067e+00
         5.5643400078e+00
         5.5747750027e+00
         5.5865650101e+00
         5.6078650139e+00
         5.6302850124e+00
         5.6522450146e+00
         5.6945400399e+00
         5.7895050869e+00
         5.8884250485e+00
         6.0226751448e+00
         6.1931051065e+00
         6.2845350321e+00
         6.3852401286e+00
         6.5464351345e+00
         6.7855202699e+00
         7.0929502630e+00
         7.3812302513e+00
         7.5793101446e+00
         7.6781102442e+00
         7.8122352436e+00
         7.9463602168e+00
         8.0660652162e+00
         8.1857703462e+00
         8.3779753453e+00
         8.5701804770e+00
         8.8364604757e+00
         9.1027408021e+00
         9.5529857998e+00
         1.0003230614e+01
         1.0349770612e+01
         1.0696310197e+01
         1.0808210197e+01
         1.0920110426e+01
         1.1163315425e+01
         1.1406520486e+01
         1.1685415484e+01
         1.1964310188e+01
         1.2072640187e+01
         1.2180970861e+01
         1.2680995859e+01
         1.3181020367e+01
         1.3395215366e+01
         1.3609410000e+01
         1.3609410000e+01
         1.3609410000e+01
         1.3609410000e+01
