T0     = 4.9435759803e+00
         4.9370514703e+00
         4.9305269604e+00
         4.9240024504e+00
         4.9174779404e+00
         4.9109534305e+00
         4.9044289205e+00
         4.9055529429e+00
         4.9097490195e+00
         4.9104299024e+00
         4.9086308809e+00
         4.9088774527e+00
         4.9173122584e+00
         4.9335490270e+00
         4.9526647121e+00
         4.9713588317e+00
         4.9916632437e+00
         5.0090426536e+00
         5.0265823625e+00
         5.0492789340e+00
         5.0741333462e+00
         5.1001794268e+00
         5.1301210970e+00
         5.1640210996e+00
         5.1982980600e+00
         5.2314225705e+00
         5.2694613036e+00
         5.3199201386e+00
         5.3841897572e+00
         5.4651549706e+00
         5.5924413035e+00
         5.8132636627e+00
         6.1362544301e+00
         6.5823063304e+00
         7.1924231611e+00
         7.8483672244e+00
         8.5379533818e+00
         9.1738196191e+00
         1.0256760790e+01
         1.1339702576e+01
         1.2762171197e+01
         1.4184640277e+01
         1.5862708897e+01
         1.7540775110e+01
         1.7875734912e+01
         1.8210694120e+01
         1.8211988238e+01
         1.8213282354e+01
         1.8214089217e+01
         1.8214896079e+01
         1.8215168628e+01
         1.8215441177e+01
         1.8215514706e+01
         1.8215588240e+01
         1.8218231377e+01
         1.8220874509e+01
         1.8220243136e+01
         1.8219611767e+01
         1.8220984316e+01
         1.8222356849e+01
         1.8214496065e+01
         1.8206635296e+01
         1.8207517649e+01
         1.8208400001e+01
         1.8209282354e+01
