T0     = 4.0990235294e+00
         4.0990235294e+00
         4.0990235294e+00
         4.0990235294e+00
         4.0990235294e+00
         4.0990235294e+00
         4.0990235294e+00
         4.0990235294e+00
         4.1000235298e+00
         4.0893455826e+00
         4.0801852955e+00
         4.0863794139e+00
         4.0896759801e+00
         4.0830857800e+00
         4.0729509775e+00
         4.0671808809e+00
         4.0639210772e+00
         4.0615284305e+00
         4.0600455878e+00
         4.0594784313e+00
         4.0596534316e+00
         4.0603151965e+00
         4.0614112753e+00
         4.0634416683e+00
         4.0663024529e+00
         4.0694622571e+00
         4.0724921587e+00
         4.0741588239e+00
         4.0744254902e+00
         4.0759916691e+00
         4.0817671634e+00
         4.0893626341e+00
         4.0991381294e+00
         4.1138196221e+00
         4.1254725549e+00
         4.1329490271e+00
         4.1406980480e+00
         4.1467078510e+00
         4.1510274588e+00
         4.1553470756e+00
         4.1646058991e+00
         4.1738647407e+00
         4.1931686621e+00
         4.2124726084e+00
         4.2456245690e+00
         4.2787765095e+00
         4.3006314114e+00
         4.3224863376e+00
         4.3580735923e+00
         4.3936609535e+00
         4.4897217374e+00
         4.5857827672e+00
         4.8222876680e+00
         5.0587924774e+00
         5.2427885549e+00
         5.4267848524e+00
         5.7378250470e+00
         6.0488649328e+00
         6.1806139517e+00
         6.3123629224e+00
         6.4159364513e+00
         6.5195102129e+00
         6.7597553097e+00
         7.0000004066e+00
         7.2402455034e+00
