T0     = 3.7731518052e+00
         3.7660914897e+00
         3.7590005817e+00
         3.7519096737e+00
         3.7484456297e+00
         3.7463183573e+00
         3.7441910849e+00
         3.7420638125e+00
         3.7400000000e+00
         3.7400000000e+00
         3.7400000000e+00
         3.7400000000e+00
         3.7400000000e+00
         3.7379005343e+00
         3.7318168687e+00
         3.7261691045e+00
         3.7207902820e+00
         3.7156675936e+00
         3.7107888420e+00
         3.7087141373e+00
         3.7072390801e+00
         3.7058342638e+00
         3.7044963436e+00
         3.7032221340e+00
         3.7020086010e+00
         3.7008528551e+00
         3.6995869080e+00
         3.6978397485e+00
         3.6961352025e+00
         3.6944306565e+00
         3.6927261105e+00
         3.6910215645e+00
         3.6889755277e+00
         3.6864187087e+00
         3.6838618898e+00
         3.6813050708e+00
         3.6766620047e+00
         3.6698438207e+00
         3.6630256367e+00
         3.6562074527e+00
         3.6493892687e+00
         3.6425710847e+00
         3.6384073377e+00
         3.6358505187e+00
         3.6332936997e+00
         3.6307368807e+00
         3.6251468313e+00
         3.6183286473e+00
         3.6115104633e+00
         3.6046922793e+00
         3.5978740953e+00
         3.5910559113e+00
         3.5858244825e+00
         3.5811180113e+00
         3.5766356580e+00
         3.5723667510e+00
         3.5654696720e+00
         3.5551442780e+00
         3.5453105660e+00
         3.5359451240e+00
         3.5270256560e+00
         3.5185309220e+00
         3.5104407020e+00
         3.5027357360e+00
         3.4953976700e+00
         3.4900000000e+00
         3.4900000000e+00
         3.4900000000e+00
         3.4900000000e+00
         3.4900000000e+00
         3.4900000000e+00
         3.4900000000e+00
         3.4900000000e+00
         3.4900000000e+00
         3.4900000000e+00
         3.4900000000e+00
         3.4900000000e+00
