T0     = 5.1700000000e+00
         5.1700000000e+00
         5.1700000000e+00
         5.1700000000e+00
         5.1700000000e+00
         5.1700000000e+00
         5.1700000000e+00
         5.1700000000e+00
         5.1700000000e+00
         5.1700000000e+00
         5.1700000000e+00
         5.1700000000e+00
         5.1700000000e+00
         5.1706998219e+00
         5.1727277105e+00
         5.1746102985e+00
         5.1764032393e+00
         5.1781108021e+00
         5.1797370526e+00
         5.1825717253e+00
         5.1855218398e+00
         5.1883314724e+00
         5.1910073128e+00
         5.1935557321e+00
         5.1959827981e+00
         5.1982942897e+00
         5.1995869080e+00
         5.1978397485e+00
         5.1961352025e+00
         5.1944306565e+00
         5.1927261105e+00
         5.1910215645e+00
         5.1900000000e+00
         5.1900000000e+00
         5.1900000000e+00
         5.1900000000e+00
         5.1916689977e+00
         5.1950780897e+00
         5.1984871817e+00
         5.2018962737e+00
         5.2053053657e+00
         5.2087144577e+00
         5.2147779868e+00
         5.2224484438e+00
         5.2301189007e+00
         5.2377893578e+00
         5.2436398765e+00
         5.2487535145e+00
         5.2538671525e+00
         5.2589807905e+00
         5.2640944285e+00
         5.2692080665e+00
         5.2804387938e+00
         5.2922049719e+00
         5.3034108550e+00
         5.3140831225e+00
         5.3228314550e+00
         5.3292848263e+00
         5.3354308963e+00
         5.3412842975e+00
         5.3468589650e+00
         5.3521681737e+00
         5.3572245612e+00
         5.3620401650e+00
         5.3666264562e+00
         5.3852136315e+00
         5.4504125160e+00
         5.5156114005e+00
         5.5808102850e+00
         5.6460091695e+00
         5.7112080540e+00
         5.7764069385e+00
         5.8416058230e+00
         5.9068047075e+00
         5.9720035920e+00
         6.0372024765e+00
         6.1024013610e+00
