T0     = 5.3936963897e+00
         5.4078170207e+00
         5.4219988367e+00
         5.4361806527e+00
         5.4415543703e+00
         5.4436816427e+00
         5.4458089151e+00
         5.4479361875e+00
         5.4500000000e+00
         5.4500000000e+00
         5.4500000000e+00
         5.4500000000e+00
         5.4500000000e+00
         5.4500000000e+00
         5.4500000000e+00
         5.4500000000e+00
         5.4500000000e+00
         5.4500000000e+00
         5.4500000000e+00
         5.4512858626e+00
         5.4527609199e+00
         5.4541657362e+00
         5.4555036564e+00
         5.4567778661e+00
         5.4579913990e+00
         5.4591471449e+00
         5.4600000000e+00
         5.4600000000e+00
         5.4600000000e+00
         5.4600000000e+00
         5.4600000000e+00
         5.4600000000e+00
         5.4600000000e+00
         5.4600000000e+00
         5.4600000000e+00
         5.4600000000e+00
         5.4608344988e+00
         5.4625390448e+00
         5.4642435908e+00
         5.4659481368e+00
         5.4676526828e+00
         5.4693572288e+00
         5.4700000000e+00
         5.4700000000e+00
         5.4700000000e+00
         5.4700000000e+00
         5.4712132922e+00
         5.4729178382e+00
         5.4746223842e+00
         5.4763269302e+00
         5.4780314762e+00
         5.4797360222e+00
         5.4820877588e+00
         5.4844409944e+00
         5.4866821710e+00
         5.4888166245e+00
         5.4956629100e+00
         5.5085696525e+00
         5.5208617925e+00
         5.5325685950e+00
         5.5437179300e+00
         5.5543363475e+00
         5.5644491225e+00
         5.5740803300e+00
         5.5832529125e+00
         5.5908949195e+00
         5.5947301480e+00
         5.5985653765e+00
         5.6024006050e+00
         5.6062358335e+00
         5.6100710620e+00
         5.6139062905e+00
         5.6177415190e+00
         5.6215767475e+00
         5.6254119760e+00
         5.6292472045e+00
         5.6330824330e+00
