T0     = 6.2415450662e+00
         6.2444195095e+00
         6.2470662595e+00
         6.2496890007e+00
         6.2522877331e+00
         6.2548624566e+00
         6.2574131713e+00
         6.2599398772e+00
         6.2624425743e+00
         6.2649212626e+00
         6.2673759420e+00
         6.2698066126e+00
         6.2677867256e+00
         6.2654040726e+00
         6.2630454284e+00
         6.2607107931e+00
         6.2600000000e+00
         6.2600000000e+00
         6.2600000000e+00
         6.2600000000e+00
         6.2600000000e+00
         6.2600000000e+00
         6.2600000000e+00
         6.2600000000e+00
         6.2600000000e+00
         6.2600000000e+00
         6.2600000000e+00
         6.2600000000e+00
         6.2600000000e+00
         6.2600000000e+00
         6.2600000000e+00
         6.2600000000e+00
         6.2600000000e+00
         6.2600000000e+00
         6.2600000000e+00
         6.2590599385e+00
         6.2572294884e+00
         6.2554230471e+00
         6.2536406146e+00
         6.2518821909e+00
         6.2501477761e+00
         6.2500000000e+00
         6.2500000000e+00
         6.2500000000e+00
         6.2500000000e+00
         6.2500000000e+00
         6.2500000000e+00
         6.2500000000e+00
         6.2500000000e+00
         6.2500000000e+00
         6.2500000000e+00
         6.2500000000e+00
         6.2500000000e+00
         6.2500000000e+00
         6.2500000000e+00
         6.2500000000e+00
         6.2500000000e+00
         6.2500000000e+00
         6.2500000000e+00
         6.2500000000e+00
         6.2500000000e+00
         6.2487851695e+00
         6.2467748015e+00
         6.2448044481e+00
         6.2428741095e+00
         6.2409837856e+00
         6.2412997855e+00
         6.2440152272e+00
         6.2466706470e+00
         6.2492660447e+00
         6.2500000000e+00
         6.2500000000e+00
         6.2500000000e+00
         6.2500000000e+00
         6.2500000000e+00
         6.2500000000e+00
         6.2500000000e+00
         6.2500000000e+00
         6.2500000000e+00
         6.2500000000e+00
         6.2500000000e+00
         6.2495139353e+00
         6.2483038613e+00
         6.2471338020e+00
         6.2460037573e+00
         6.2449137274e+00
         6.2438637122e+00
         6.2428537117e+00
         6.2418837258e+00
         6.2409537547e+00
         6.2400637983e+00
         6.2423584303e+00
         6.2446281235e+00
         6.2466777069e+00
         6.2487272902e+00
         6.2507768736e+00
         6.2528264569e+00
         6.2548760403e+00
         6.2569256236e+00
         6.2589752070e+00
