T0     = 4.4930901323e+00
         4.4988390189e+00
         4.5041325189e+00
         4.5093780014e+00
         4.5145754662e+00
         4.5197249132e+00
         4.5248263425e+00
         4.5298797544e+00
         4.5373277229e+00
         4.5447637877e+00
         4.5521278260e+00
         4.5594198377e+00
         4.5644265487e+00
         4.5691918548e+00
         4.5739091431e+00
         4.5785784138e+00
         4.5800000000e+00
         4.5800000000e+00
         4.5800000000e+00
         4.5800000000e+00
         4.5800000000e+00
         4.5800000000e+00
         4.5800000000e+00
         4.5800000000e+00
         4.5800000000e+00
         4.5786849248e+00
         4.5766143865e+00
         4.5745678570e+00
         4.5725453363e+00
         4.5705468244e+00
         4.5714276786e+00
         4.5733781728e+00
         4.5753046582e+00
         4.5772071348e+00
         4.5790856026e+00
         4.5800000000e+00
         4.5800000000e+00
         4.5800000000e+00
         4.5800000000e+00
         4.5800000000e+00
         4.5800000000e+00
         4.5800000000e+00
         4.5800000000e+00
         4.5800000000e+00
         4.5800000000e+00
         4.5800000000e+00
         4.5800000000e+00
         4.5800000000e+00
         4.5800000000e+00
         4.5800000000e+00
         4.5800000000e+00
         4.5800000000e+00
         4.5800000000e+00
         4.5800000000e+00
         4.5800000000e+00
         4.5800000000e+00
         4.5800000000e+00
         4.5800000000e+00
         4.5800000000e+00
         4.5800000000e+00
         4.5800000000e+00
         4.5800000000e+00
         4.5800000000e+00
         4.5800000000e+00
         4.5800000000e+00
         4.5800000000e+00
         4.5800000000e+00
         4.5800000000e+00
         4.5800000000e+00
         4.5800000000e+00
         4.5812009469e+00
         4.5828511826e+00
         4.5844614036e+00
         4.5860316099e+00
         4.5875618016e+00
         4.5890519785e+00
         4.5900000000e+00
         4.5900000000e+00
         4.5900000000e+00
         4.5900000000e+00
         4.5900000000e+00
         4.5895139353e+00
         4.5883038613e+00
         4.5871338020e+00
         4.5860037573e+00
         4.5849137274e+00
         4.5838637122e+00
         4.5828537117e+00
         4.5818837258e+00
         4.5809537547e+00
         4.5800637983e+00
         4.5764623546e+00
         4.5730578147e+00
         4.5699834397e+00
         4.5669090647e+00
         4.5638346896e+00
         4.5607603146e+00
         4.5576859396e+00
         4.5546115646e+00
         4.5515371895e+00
