T0     = 5.7400000000e+00
         5.7400000000e+00
         5.7400000000e+00
         5.7400000000e+00
         5.7400000000e+00
         5.7400000000e+00
         5.7400000000e+00
         5.7400000000e+00
         5.7400000000e+00
         5.7400000000e+00
         5.7400000000e+00
         5.7400000000e+00
         5.7400000000e+00
         5.7400000000e+00
         5.7400000000e+00
         5.7400000000e+00
         5.7400000000e+00
         5.7400000000e+00
         5.7400000000e+00
         5.7400000000e+00
         5.7393977487e+00
         5.7372071663e+00
         5.7350405927e+00
         5.7328980279e+00
         5.7307794719e+00
         5.7300000000e+00
         5.7300000000e+00
         5.7300000000e+00
         5.7300000000e+00
         5.7300000000e+00
         5.7271446428e+00
         5.7232436545e+00
         5.7193906837e+00
         5.7155857304e+00
         5.7118287948e+00
         5.7109400615e+00
         5.7127705116e+00
         5.7145769529e+00
         5.7163593854e+00
         5.7181178091e+00
         5.7198522239e+00
         5.7168747402e+00
         5.7135019459e+00
         5.7101771690e+00
         5.7069004099e+00
         5.7036716684e+00
         5.7004909447e+00
         5.7000000000e+00
         5.7000000000e+00
         5.7000000000e+00
         5.7000000000e+00
         5.7000000000e+00
         5.7000000000e+00
         5.7000000000e+00
         5.7000000000e+00
         5.7000000000e+00
         5.7000000000e+00
         5.7000000000e+00
         5.6975845426e+00
         5.6943889245e+00
         5.6912533283e+00
         5.6900000000e+00
         5.6900000000e+00
         5.6900000000e+00
         5.6900000000e+00
         5.6900000000e+00
         5.6900000000e+00
         5.6900000000e+00
         5.6900000000e+00
         5.6900000000e+00
         5.6887990531e+00
         5.6871488174e+00
         5.6855385964e+00
         5.6839683901e+00
         5.6824381984e+00
         5.6809480215e+00
         5.6800000000e+00
         5.6800000000e+00
         5.6800000000e+00
         5.6800000000e+00
         5.6800000000e+00
         5.6800000000e+00
         5.6800000000e+00
         5.6800000000e+00
         5.6800000000e+00
         5.6800000000e+00
         5.6800000000e+00
         5.6800000000e+00
         5.6800000000e+00
         5.6800000000e+00
         5.6800000000e+00
         5.6811792151e+00
         5.6823140618e+00
         5.6833388534e+00
         5.6843636451e+00
         5.6853884368e+00
         5.6864132285e+00
         5.6874380201e+00
         5.6884628118e+00
         5.6894876035e+00
