T0     = 5.8102597184e+00
         5.8265055405e+00
         5.8453983107e+00
         5.8629416350e+00
         5.8839799457e+00
         5.9073710447e+00
         5.9307621438e+00
         5.9541472640e+00
         5.9812975588e+00
         6.0084478536e+00
         6.0355981484e+00
         6.0745787228e+00
         6.1250153180e+00
         6.1710658973e+00
         6.2127304608e+00
         6.2500096552e+00
         6.4268682161e+00
         6.6345679713e+00
         6.8103124678e+00
         6.9620905203e+00
         7.0978909434e+00
         7.2177137372e+00
         7.3135748002e+00
         7.3934629469e+00
         7.4653622790e+00
         7.5260772705e+00
         7.5804012103e+00
         7.6283340984e+00
         7.6698759347e+00
         7.7050267192e+00
         7.7369819779e+00
         7.7689372366e+00
         7.8087474321e+00
         7.8637466791e+00
         7.9187459261e+00
         7.9737451731e+00
         8.0287444201e+00
         8.0837436671e+00
         8.1387429141e+00
         8.1937421611e+00
         8.2487414081e+00
         8.3037406551e+00
         8.3587399021e+00
         8.4137391491e+00
         8.4687383961e+00
         8.5237376431e+00
         8.5787368901e+00
         8.6718275760e+00
         8.7658136310e+00
         8.8597996860e+00
         8.9537857410e+00
         9.0323695728e+00
         9.0449010468e+00
         9.0574325208e+00
         9.0699639948e+00
         9.0824954688e+00
         9.0900000000e+00
         9.0900000000e+00
         9.0900000000e+00
         9.0900000000e+00
         9.0900000000e+00
         9.0900000000e+00
         9.0900000000e+00
         9.0900000000e+00
         9.0900000000e+00
         9.0900000000e+00
         9.0900000000e+00
         9.0900000000e+00
         9.0900000000e+00
         9.0900000000e+00
         9.0900000000e+00
         9.0875467035e+00
         9.0848315508e+00
         9.0825341139e+00
         9.0804455349e+00
         9.0816430441e+00
         9.0837316231e+00
         9.0858202021e+00
         9.0879087811e+00
         9.0898926231e+00
         9.0900000000e+00
         9.0900000000e+00
         9.0900000000e+00
         9.0900000000e+00
         9.0900000000e+00
         9.0900000000e+00
         9.0900000000e+00
         9.0900000000e+00
         9.0900000000e+00
         9.0900000000e+00
         9.0900000000e+00
         9.0900000000e+00
         9.0900000000e+00
         9.0900000000e+00
         9.0900000000e+00
         9.0900000000e+00
         9.0900000000e+00
         9.0900000000e+00
         9.0900000000e+00
         9.0900000000e+00
