T0     = 6.8700000000e+00
         6.8900000000e+00
         6.9400000000e+00
         6.9782390862e+00
         7.0100000000e+00
         7.0500000000e+00
         7.1300000000e+00
         7.2008730437e+00
         7.2900000000e+00
         7.4000000000e+00
         7.4792855266e+00
         7.5578781650e+00
         7.6600000000e+00
         7.8608830510e+00
         7.9937128994e+00
         8.3267018133e+00
         8.6658207495e+00
         9.8076729735e+00
         9.8900000000e+00
         9.9000000000e+00
         9.9211862955e+00
         9.9425212624e+00
         9.9391947714e+00
         9.9300000000e+00
         9.9400000000e+00
         9.9400000000e+00
         9.9400000000e+00
         9.9400000000e+00
         9.9449336199e+00
         9.9400000000e+00
         9.9521834545e+00
         9.9600000000e+00
         9.9600000000e+00
         9.9600000000e+00
         9.9600000000e+00
         9.9600000000e+00
         9.9600000000e+00
         9.9600000000e+00
         9.9600000000e+00
         9.9600000000e+00
         9.9600000000e+00
         9.9600000000e+00
         9.9600000000e+00
         9.9600000000e+00
         9.9600000000e+00
         9.9600000000e+00
         9.9600000000e+00
         9.9600000000e+00
         9.9600000000e+00
         9.9600000000e+00
         9.9600000000e+00
         9.9600000000e+00
         9.9600000000e+00
         9.9600000000e+00
         9.9600000000e+00
         9.9547455341e+00
         9.9500000000e+00
         9.9500000000e+00
         9.9500000000e+00
         9.9500000000e+00
