T0     = 7.1000000000e+00
         7.1000000000e+00
         7.1100000000e+00
         7.1200000000e+00
         7.1400000000e+00
         7.1600000000e+00
         7.1927103658e+00
         7.2200000000e+00
         7.2700000000e+00
         7.3200000000e+00
         7.3600000000e+00
         7.3700000000e+00
         7.4300000000e+00
         7.4800000000e+00
         7.5400000000e+00
         7.5700000000e+00
         7.6236189877e+00
         7.6700000000e+00
         7.7400000000e+00
         7.7900000000e+00
         7.8800000000e+00
         7.9200000000e+00
         7.9620196718e+00
         8.0600000000e+00
         8.1558581023e+00
         8.4569522743e+00
         8.7568555743e+00
         9.0160147239e+00
         9.2256958443e+00
         9.5047576435e+00
         9.7890585160e+00
         1.0276057055e+01
         1.0771202617e+01
         1.1473724818e+01
         1.1953526688e+01
         1.2956796762e+01
         1.4469892482e+01
         1.5875143640e+01
         1.6193386151e+01
         1.6457661127e+01
         1.6534813527e+01
         1.6550000000e+01
         1.6550000000e+01
         1.6560000000e+01
         1.6580000000e+01
         1.6599549651e+01
         1.6611142423e+01
         1.6630830462e+01
         1.6640444050e+01
         1.6654171557e+01
         1.6668995568e+01
         1.6690000000e+01
         1.6714046062e+01
         1.6739189687e+01
         1.6797932789e+01
         1.6881793457e+01
         1.6989008777e+01
         1.7078429837e+01
         1.7123217828e+01
         1.7046765155e+01
