T0     = 5.7600000000e+00
         5.7600000000e+00
         5.7600000000e+00
         5.7600000000e+00
         5.7600000000e+00
         5.7600000000e+00
         5.7600000000e+00
         5.7600000000e+00
         5.7600000000e+00
         5.7600000000e+00
         5.7600000000e+00
         5.7600000000e+00
         5.7600000000e+00
         5.7600000000e+00
         5.7600000000e+00
         5.7600000000e+00
         5.7600000000e+00
         5.7600000000e+00
         5.7600000000e+00
         5.7612858626e+00
         5.7627609199e+00
         5.7641657362e+00
         5.7655036564e+00
         5.7667778660e+00
         5.7679913990e+00
         5.7691471448e+00
         5.7700000000e+00
         5.7700000000e+00
         5.7700000000e+00
         5.7700000000e+00
         5.7700000000e+00
         5.7700000000e+00
         5.7700000000e+00
         5.7700000000e+00
         5.7700000000e+00
         5.7700000000e+00
         5.7700000000e+00
         5.7700000000e+00
         5.7700000000e+00
         5.7700000000e+00
         5.7700000000e+00
         5.7700000000e+00
         5.7700000000e+00
         5.7700000000e+00
         5.7700000000e+00
         5.7700000000e+00
         5.7700000000e+00
         5.7700000000e+00
         5.7700000000e+00
         5.7700000000e+00
         5.7700000000e+00
         5.7700000000e+00
         5.7700000000e+00
         5.7700000000e+00
         5.7700000000e+00
         5.7700000000e+00
         5.7700000000e+00
         5.7700000000e+00
         5.7700000000e+00
         5.7700000000e+00
         5.7700000000e+00
         5.7700000000e+00
         5.7700000000e+00
         5.7698506007e+00
         5.7680160842e+00
         5.7662689247e+00
         5.7645643787e+00
         5.7628598327e+00
         5.7611552867e+00
         5.7591761110e+00
         5.7566192920e+00
         5.7540624730e+00
         5.7515056540e+00
         5.7489488350e+00
         5.7463920160e+00
         5.7438351970e+00
         5.7412783780e+00
