T0     = 5.6700000000e+00
         5.6680457448e+00
         5.6645002908e+00
         5.6609548368e+00
         5.6600000000e+00
         5.6600000000e+00
         5.6600000000e+00
         5.6600000000e+00
         5.6600634599e+00
         5.6621907323e+00
         5.6643180047e+00
         5.6664452771e+00
         5.6685725495e+00
         5.6700000000e+00
         5.6700000000e+00
         5.6700000000e+00
         5.6700000000e+00
         5.6700000000e+00
         5.6700000000e+00
         5.6700000000e+00
         5.6700000000e+00
         5.6700000000e+00
         5.6700000000e+00
         5.6700000000e+00
         5.6700000000e+00
         5.6700000000e+00
         5.6700000000e+00
         5.6700000000e+00
         5.6700000000e+00
         5.6700000000e+00
         5.6700000000e+00
         5.6700000000e+00
         5.6700000000e+00
         5.6700000000e+00
         5.6700000000e+00
         5.6700000000e+00
         5.6700000000e+00
         5.6700000000e+00
         5.6700000000e+00
         5.6700000000e+00
         5.6700000000e+00
         5.6712286746e+00
         5.6732741298e+00
         5.6753195850e+00
         5.6773650402e+00
         5.6794104954e+00
         5.6800000000e+00
         5.6800000000e+00
         5.6800000000e+00
         5.6800000000e+00
         5.6800000000e+00
         5.6816832266e+00
         5.6836702070e+00
         5.6855527955e+00
         5.6873457368e+00
         5.6890532996e+00
         5.6906795492e+00
         5.6922283583e+00
         5.6937034151e+00
         5.6951082314e+00
         5.6964461516e+00
         5.6977203617e+00
         5.6989338947e+00
         5.7001493993e+00
         5.7019839158e+00
         5.7037310753e+00
         5.7054356213e+00
         5.7071401673e+00
         5.7088447133e+00
         5.7100000000e+00
         5.7100000000e+00
         5.7100000000e+00
         5.7100000000e+00
         5.7100000000e+00
         5.7100000000e+00
         5.7100000000e+00
         5.7100000000e+00
