T0     = 5.4523638539e+00
         5.4597712758e+00
         5.4774985458e+00
         5.4952258158e+00
         5.4968912594e+00
         5.4926367146e+00
         5.4883821698e+00
         5.4841276250e+00
         5.4800000000e+00
         5.4800000000e+00
         5.4800000000e+00
         5.4800000000e+00
         5.4800000000e+00
         5.4800000000e+00
         5.4800000000e+00
         5.4800000000e+00
         5.4800000000e+00
         5.4800000000e+00
         5.4800000000e+00
         5.4812858627e+00
         5.4827609199e+00
         5.4841657362e+00
         5.4855036564e+00
         5.4867778661e+00
         5.4879913991e+00
         5.4891471449e+00
         5.4900000000e+00
         5.4900000000e+00
         5.4900000000e+00
         5.4900000000e+00
         5.4900000000e+00
         5.4900000000e+00
         5.4900000000e+00
         5.4900000000e+00
         5.4900000000e+00
         5.4900000000e+00
         5.4900000000e+00
         5.4900000000e+00
         5.4900000000e+00
         5.4900000000e+00
         5.4900000000e+00
         5.4924573492e+00
         5.4965482596e+00
         5.5006391700e+00
         5.5047300804e+00
         5.5088209908e+00
         5.5070880988e+00
         5.5029971884e+00
         5.4989062780e+00
         5.4948153676e+00
         5.4907244572e+00
         5.4916832266e+00
         5.4936702070e+00
         5.4955527955e+00
         5.4973457368e+00
         5.4990532996e+00
         5.4993204508e+00
         5.4977716417e+00
         5.4962965849e+00
         5.4948917686e+00
         5.4935538484e+00
         5.4922796383e+00
         5.4910661053e+00
         5.4904481980e+00
         5.4959517475e+00
         5.5011932260e+00
         5.5063068640e+00
         5.5114205020e+00
         5.5165341400e+00
         5.5216477780e+00
         5.5267614160e+00
         5.5318750540e+00
         5.5369886920e+00
         5.5421023300e+00
         5.5472159680e+00
         5.5523296060e+00
         5.5574432440e+00
