T0     = 5.8321180000e+00
         5.8314976000e+00
         5.8307644000e+00
         5.8299184000e+00
         5.8289596000e+00
         5.8278880000e+00
         5.8267036000e+00
         5.8254064000e+00
         5.8239964000e+00
         5.8224736000e+00
         5.8208380000e+00
         5.8200000000e+00
         5.8200000000e+00
         5.8200000000e+00
         5.8200000000e+00
         5.8200000000e+00
         5.8200000000e+00
         5.8200000000e+00
         5.8200000000e+00
         5.8200000000e+00
         5.8249104000e+00
         5.8322424000e+00
         5.8407024000e+00
         5.8502904000e+00
         5.8611712000e+00
         5.8780192900e+00
         5.9062246000e+00
         5.9586766000e+00
         6.0199098800e+00
         6.0960498800e+00
         6.1620378800e+00
         6.2864433200e+00
         6.4096209200e+00
         6.5209545200e+00
         6.6233165000e+00
         6.7226333750e+00
         6.8166451250e+00
         6.9054751250e+00
         6.9428070500e+00
         6.9472908500e+00
         6.9500000000e+00
         6.9500000000e+00
         6.9500000000e+00
         6.9449120000e+00
         6.9322220000e+00
         6.9220700000e+00
         6.9221300000e+00
         6.9249500000e+00
         6.9277700000e+00
         6.9305900000e+00
