T0     = 5.9000000000e+00
         5.9000000000e+00
         5.9000000000e+00
         5.9000000000e+00
         5.9000000000e+00
         5.9000000000e+00
         5.9000000000e+00
         5.9000000000e+00
         5.9000000000e+00
         5.9000000000e+00
         5.9000000000e+00
         5.9000000000e+00
         5.9000000000e+00
         5.9000000000e+00
         5.9000000000e+00
         5.9000000000e+00
         5.9000000000e+00
         5.9000000000e+00
         5.9000000000e+00
         5.9000000000e+00
         5.9049104000e+00
         5.9122424000e+00
         5.9207024000e+00
         5.9302904000e+00
         5.9411712000e+00
         5.9580192900e+00
         5.9748673800e+00
         5.9906029800e+00
         6.0049849800e+00
         6.0176749800e+00
         6.0286729800e+00
         6.0688144400e+00
         6.1098736400e+00
         6.1469848400e+00
         6.2299697000e+00
         6.4087400750e+00
         6.5779612250e+00
         6.7378552250e+00
         6.8028070500e+00
         6.8072908500e+00
         6.8100000000e+00
         6.8104160000e+00
         6.8166200000e+00
         6.8183040000e+00
         6.8140740000e+00
         6.8106900000e+00
         6.7993500000e+00
         6.7852500000e+00
         6.7711500000e+00
         6.7570500000e+00
