T0     = 5.8621180000e+00
         5.8614976000e+00
         5.8607644000e+00
         5.8599184000e+00
         5.8589596000e+00
         5.8578880000e+00
         5.8567036000e+00
         5.8554064000e+00
         5.8539964000e+00
         5.8524736000e+00
         5.8508380000e+00
         5.8509104000e+00
         5.8527716000e+00
         5.8547456000e+00
         5.8568324000e+00
         5.8590320000e+00
         5.8613444000e+00
         5.8637696000e+00
         5.8663640000e+00
         5.8692404000e+00
         5.8749104000e+00
         5.8822424000e+00
         5.8914048000e+00
         5.9105808000e+00
         5.9311712000e+00
         5.9480192900e+00
         5.9681123000e+00
         5.9943383000e+00
         6.0199699600e+00
         6.0453499600e+00
         6.0673459600e+00
         6.0921796800e+00
         6.1156420800e+00
         6.1368484800e+00
         6.2023545000e+00
         6.3584238750e+00
         6.5061566250e+00
         6.6457466250e+00
         6.7028070500e+00
         6.7072908500e+00
         6.7100000000e+00
         6.7100000000e+00
         6.7100000000e+00
         6.7100000000e+00
         6.7100000000e+00
         6.7100000000e+00
         6.7100000000e+00
         6.7100000000e+00
         6.7100000000e+00
         6.7100000000e+00
